,loss,accuracy_metric,bce_metric,mse_metric,recall,precision
0,0.2690877616405487,0.15353776514530182,0.6772570610046387,0.17316552996635437,0.004588412120938301,0.00015053122479002923
1,0.23131738603115082,0.14933164417743683,0.6620380282402039,0.0987810492515564,6.024691538186744e-05,1.9786064058280317e-06
2,0.22552914917469025,0.1506839543581009,0.6538674235343933,0.08539929240942001,0.0001159420280600898,1.9027231701329583e-06
3,0.22300457954406738,0.14970606565475464,0.6551011204719543,0.08059107512235641,0.0,0.0
4,0.22182954847812653,0.15196385979652405,0.6496993899345398,0.08048442751169205,0.0,0.0
5,0.2210870385169983,0.15278075635433197,0.6464967727661133,0.07768141478300095,0.0,0.0
6,0.22253885865211487,0.2521953880786896,0.6341704726219177,0.07767463475465775,9.049947402672842e-05,2.3395271000481443e-06
7,0.2221931368112564,0.303018182516098,0.6292903423309326,0.07751358300447464,0.0,0.0
8,0.22123931348323822,0.36563143134117126,0.6282581090927124,0.0766114592552185,9.876543481368572e-05,4.568817530525848e-06
9,0.22111397981643677,0.5744489431381226,0.6287695169448853,0.0793038010597229,0.0,0.0
